name,class_name,num_vertices,num_faces,num_triangles,num_quads,bb_dim_x,bb_dim_y,bb_dim_z,bb_diagonal,barycenter,major_eigenvector,median_eigenvector,minor_eigenvector,mass_directions
AquaticAnimal/m53.obj,AquaticAnimal,18409,34877,34877,0,0.138371,0.32376099999999997,0.95,1.0131474318982405,[0.101 0.169 0.664],[0.04400344 0.00532412 0.99901719],[-0.99564639  0.08248252  0.04341538],[ 0.08217031  0.99657829 -0.00893045],[1 1 1]
AquaticAnimal/m54.obj,AquaticAnimal,18143,33836,33836,0,0.229899,0.346143,0.95,1.0369033352487589,[0.146 0.173 0.645],[-0.01619696 -0.12136847  0.99247537],[-0.98729937  0.15883635  0.00331139],[0.15804306 0.97981667 0.12239968],[1 1 1]
AquaticAnimal/m55.obj,AquaticAnimal,19505,37072,37072,0,0.15651,0.35514599999999996,0.95,1.0262183302864942,[0.093 0.177 0.684],[ 0.01668159 -0.00397871 -0.99985294],[ 0.99796237 -0.06152773  0.01689488],[ 0.0615859   0.99809744 -0.00294422],[1 1 1]
AquaticAnimal/m56.obj,AquaticAnimal,5814,10893,10893,0,0.143956,0.342452,0.95,1.0200474019573795,[0.097 0.171 0.713],[-9.99963163e-01 -8.58243737e-03  1.19653977e-04],[-0.00857949  0.99983921  0.01574652],[ 2.54778265e-04 -1.57449140e-02  9.99876009e-01],[1 1 1]
AquaticAnimal/m57.obj,AquaticAnimal,18878,36278,36278,0,0.11896300000000001,0.36444299999999996,0.95,1.0244368675609052,[0.085 0.189 0.669],[-9.99998930e-01 -1.84669139e-04  1.45138392e-03],[-2.64215463e-04  9.98486340e-01 -5.49996219e-02],[-0.00143903 -0.05499995 -0.99848532],[1 1 1]
AquaticAnimal/m58.obj,AquaticAnimal,477,950,950,0,0.512049,0.47521099999999994,0.95,1.1792029820696688,[0.276 0.232 0.492],[-0.05791818  0.01689609 -0.99817834],[-0.99610565 -0.06755595  0.0566544 ],[ 0.06647565 -0.99757241 -0.02074301],[1 1 1]
AquaticAnimal/m59.obj,AquaticAnimal,44,1680,1680,0,0.2,0.2,0.95,0.9912113800799505,[0.125 0.125 0.512],[ 1.00000000e+00  1.64000598e-18 -8.23989416e-18],[0.00000000e+00 1.00000000e+00 4.43330964e-17],[ 0.0000000e+00 -8.1778647e-17  1.0000000e+00],[1 1 1]
AquaticAnimal/m60.obj,AquaticAnimal,1606,3208,3208,0,0.32367399999999996,0.382675,0.95,1.074106611980859,[0.187 0.199 0.649],[ 9.99999908e-01  6.36677710e-05 -4.24803536e-04],[-8.13890785e-05  9.99123996e-01 -4.18477525e-02],[4.21767053e-04 4.18477832e-02 9.99123909e-01],[1 1 1]
AquaticAnimal/m61.obj,AquaticAnimal,216,337,337,0,0.16243000000000002,0.418396,0.95,1.050684880311885,[0.109 0.209 0.6  ],[-0.00270949 -0.05022778 -0.99873411],[-0.99977179 -0.02102748  0.00376981],[ 0.02119021 -0.99851641  0.05015935],[1 1 1]
AquaticAnimal/m62.obj,AquaticAnimal,241,478,478,0,0.10627600000000001,0.724178,0.95,1.1992615910884497,[0.078 0.384 0.553],[-0.99999743 -0.00122661 -0.00190498],[ 8.40321178e-04 -9.81602926e-01  1.90931895e-01],[-0.00210414  0.1909298   0.98160144],[1 1 1]
AquaticAnimal/m63.obj,AquaticAnimal,1112,1792,1792,0,0.95,0.699541,0.752238,1.39918534130579,[0.28  0.318 0.404],[-0.00745183  0.01868064  0.99979773],[ 0.31397362 -0.94921943  0.02007576],[0.94940246 0.31405971 0.0012082 ],[1 1 1]
AquaticAnimal/m64.obj,AquaticAnimal,247,444,444,0,0.95,0.520087,0.1539,1.093926733181432,[0.494 0.263 0.102],[2.32164511e-04 4.73486271e-03 9.99988764e-01],[ 0.02350351 -0.99971257  0.0047281 ],[ 9.99723727e-01  2.35021459e-02 -3.43383664e-04],[1 1 1]
AquaticAnimal/m65.obj,AquaticAnimal,1004,1930,1930,0,0.374816,0.579595,0.95,1.1742731359785934,[0.213 0.319 0.763],[-9.99998617e-01 -6.98285448e-04 -1.50969940e-03],[ 9.26145812e-04 -9.87655345e-01 -1.56639908e-01],[-0.00138168 -0.15664109  0.98765463],[1 1 1]
AquaticAnimal/m66.obj,AquaticAnimal,4117,8196,8196,0,0.420705,0.5225529999999999,0.95,1.1629936950964093,[0.242 0.303 0.597],[-0.97638259  0.06004314  0.20753763],[0.21249645 0.09341167 0.97268675],[ 0.03901673  0.99381542 -0.10396448],[1 1 1]
AquaticAnimal/m67.obj,AquaticAnimal,14000,27996,27996,0,0.95,0.2247,0.363988,1.0418624449244727,[0.569 0.132 0.187],[-0.00759335  0.99995021  0.00647391],[ 0.0027759  -0.00645299  0.99997533],[ 0.99996732  0.00761113 -0.00272676],[1 1 1]
AquaticAnimal/m68.obj,AquaticAnimal,553,1098,1098,0,0.95,0.253519,0.16243000000000002,0.9965718179142936,[0.521 0.132 0.107],[-0.00349616 -0.00696812  0.99996961],[-0.02192962 -0.99973471 -0.00704316],[ 0.9997534  -0.02195357  0.00334242],[1 1 1]
AquaticAnimal/m69.obj,AquaticAnimal,317,560,560,0,0.332325,0.23977600000000002,0.95,1.0346170478979166,[0.191 0.102 0.659],[0.99845138 0.00124146 0.0556175 ],[-0.05562151  0.00346966  0.9984459 ],[ 0.00104656 -0.99999321  0.00353333],[1 1 1]
AquaticAnimal/m70.obj,AquaticAnimal,320,560,560,0,0.429415,0.24107599999999998,0.95,1.0700536808968977,[0.24  0.099 0.608],[-9.99951230e-01  3.68102964e-04  9.86923506e-03],[0.00987002 0.00220706 0.99994885],[ 3.46302176e-04  9.99997497e-01 -2.21058225e-03],[1 1 1]
AquaticAnimal/m71.obj,AquaticAnimal,420,836,836,0,0.30099,0.346535,0.95,1.0550741615284682,[0.175 0.154 0.645],[9.99999998e-01 5.99883998e-05 3.32008001e-05],[ 5.97499674e-05 -9.99974540e-01  7.13552897e-03],[ 3.36280038e-05 -7.13552697e-03 -9.99974541e-01],[1 1 1]
AquaticAnimal/m72.obj,AquaticAnimal,331,590,590,0,0.431203,0.237828,0.95,1.07004587976077,[0.241 0.102 0.591],[-9.99823090e-01  3.92209703e-04  1.88051804e-02],[0.018806   0.00221412 0.9998207 ],[ 3.50502440e-04  9.99997472e-01 -2.22110491e-03],[1 1 1]
AquaticAnimal/m73.obj,AquaticAnimal,285,564,564,0,0.95,0.585865,0.35118099999999997,1.1700708922907193,[0.461 0.27  0.2  ],[ 1.12510364e-03 -4.94466347e-05  9.99999366e-01],[-4.44516909e-02 -9.99011535e-01  6.15001240e-07],[ 0.9990109  -0.04445166 -0.00112619],[1 1 1]
AquaticAnimal/m74.obj,AquaticAnimal,162,336,336,0,0.329455,0.29659599999999997,0.95,1.0483366750433756,[0.184 0.169 0.712],[ 0.01687319 -0.44315729 -0.89628506],[ 0.99957785 -0.01372837  0.02560558],[ 0.02365184  0.89633874 -0.44273858],[1 1 1]
AquaticAnimal/m75.obj,AquaticAnimal,298,512,512,0,0.513384,0.27431099999999997,0.95,1.1141407703593833,[0.282 0.107 0.571],[9.99569088e-01 9.16946831e-04 2.93393469e-02],[-0.02934276  0.00396645  0.99956154],[ 8.00171598e-04 -9.99991713e-01  3.99165115e-03],[1 1 1]
AquaticAnimal/m76.obj,AquaticAnimal,1583,3164,3164,0,0.37093,0.32814,0.95,1.071337913312135,[0.21  0.184 0.697],[ 9.99999968e-01  7.36852752e-05 -2.42924738e-04],[-6.16493542e-05  9.98789986e-01  4.91788643e-02],[ 2.46254554e-04 -4.91788478e-02  9.98789958e-01],[1 1 1]
AquaticAnimal/m77.obj,AquaticAnimal,11578,23022,23022,0,0.95,0.382994,0.586203,1.1801772584001946,[0.36  0.152 0.395],[-0.40157377 -0.91581602 -0.00441764],[-0.062288    0.03212437 -0.99754109],[ 0.91370603 -0.40031117 -0.06994466],[1 1 1]
AquaticAnimal/m78.obj,AquaticAnimal,468,734,734,0,0.95,0.49165000000000003,0.40318099999999996,1.1431424413698408,[0.345 0.244 0.267],[ 0.15326978 -0.74825298  0.64546561],[-0.06926358  0.64344234  0.76235458],[-0.98575399 -0.16155318  0.04679359],[1 1 1]
AquaticAnimal/m79.obj,AquaticAnimal,166,226,226,0,0.95,0.231171,0.275958,1.0159197059832041,[0.543 0.087 0.185],[-0.00571812 -0.17225672 -0.9850355 ],[-0.11254589 -0.97868204  0.17179899],[ 0.99363008 -0.11184406  0.01379056],[1 1 1]
AquaticAnimal/m80.obj,AquaticAnimal,1104,2104,2104,0,0.95,0.283883,0.391001,1.0658195624447884,[0.503 0.118 0.184],[-0.16674497  0.96960731 -0.17904686],[0.00716541 0.18277592 0.98312849],[ 0.98597402  0.16264879 -0.0374246 ],[1 1 1]
AquaticAnimal/m81.obj,AquaticAnimal,857,1673,1673,0,0.38949999999999996,0.26599999999999996,0.95,1.0606442617579186,[0.217 0.109 0.545],[ 0.08465849 -0.04143986  0.99554793],[-0.99640968 -0.00269019  0.08461979],[8.28422658e-04 9.99137378e-01 4.15188294e-02],[1 1 1]
Bed/D00031.obj,Bed,1867,3590,3590,0,1.600092,1.434997,0.579696,2.226108319666633,[-0.166  0.056  0.023],[-0.04008442 -0.9982518  -0.04343481],[-0.99866358  0.04144445 -0.03087741],[ 0.03262356  0.04213906 -0.99857899],[-1  1  1]
Bed/D00110.obj,Bed,1926,3644,3644,0,1.64113,1.243046,0.559719,2.1334845661445505,[-0.031 -0.089 -0.09 ],[-0.00868114  0.02235222  0.99971247],[-0.10183366 -0.99457225  0.02135301],[ 0.99476356 -0.10161901  0.01091023],[-1 -1 -1]
Bed/D00121.obj,Bed,15368,24612,24612,0,1.698073,1.458173,0.94523,2.429646098541514,[-0.191  0.114  0.207],[0.06607827 0.07471922 0.99501291],[ 0.21046069 -0.97580213  0.05930003],[ 0.97536658  0.20549266 -0.08020478],[-1  1  1]
Bed/D00184.obj,Bed,7218,14204,14204,0,1.6876859999999998,1.5559310000000002,0.808304,2.4336311692146366,[-0.175 -0.079 -0.087],[0.11660257 0.05146459 0.99184436],[-0.34259695 -0.93527585  0.08880554],[ 0.93221841 -0.35015781 -0.09142396],[-1 -1 -1]
Bed/D00210.obj,Bed,22063,34247,34247,0,1.4848270000000001,1.399419,0.958927,2.254467952493226,[0.047 0.139 0.095],[ 0.11026464 -0.0731678   0.99120542],[-0.07383218  0.99392815  0.08158209],[ 0.99115615  0.08217848 -0.10419299],[1 1 1]
Bed/D00213.obj,Bed,2277,4536,4536,0,1.70258,0.869759,0.651224,2.019740595387685,[0.267 0.06  0.02 ],[ 0.01559071  0.08975032 -0.99584226],[ 0.04583483 -0.99498048 -0.08895507],[0.99882736 0.04425739 0.01962615],[ 1  1 -1]
Bed/D00217.obj,Bed,3238,6272,6272,0,1.724193,0.956709,0.726349,2.1013606262921654,[ 0.02  -0.05  -0.011],[-4.09564347e-05 -2.23070041e-01  9.74802419e-01],[ 0.01846125 -0.97463646 -0.22303129],[0.99982958 0.01798694 0.00415807],[ 1 -1  1]
Bed/D00307.obj,Bed,2644,5259,5259,0,1.811915,1.706044,0.6064419999999999,2.561521812619404,[-0.133 -0.07  -0.013],[-0.03385267 -0.99648686 -0.0766024 ],[-0.03944899 -0.07525431  0.99638374],[ 0.99864797 -0.03675214  0.03676284],[-1 -1  1]
Bed/D00322.obj,Bed,9342,14796,14796,0,1.807141,1.0147810000000002,1.041557,2.3195646264096634,[-0.049  0.126  0.144],[ 0.08342798 -0.23555554 -0.96827339],[ 0.08588654 -0.96634555  0.24248666],[0.99280576 0.10339183 0.06038921],[-1  1  1]
Bed/D00417.obj,Bed,12808,24736,24736,0,1.5959340000000002,1.1774900000000001,0.67706,2.0956856338811893,[-0.228  0.08   0.064],[-0.01937492 -0.02668557  0.9994561 ],[0.04739352 0.9984955  0.02757867],[ 0.99868837 -0.04790208  0.01808105],[-1  1  1]
Bed/D00538.obj,Bed,7136,13868,13868,0,1.676846,1.182285,0.737522,2.1802635229313454,[-0.005  0.115  0.103],[ 0.07730096 -0.04012556 -0.99620003],[ 0.05319842 -0.9976004   0.04430994],[0.99558751 0.05642147 0.07498085],[-1  1  1]
Bed/D00545.obj,Bed,415,838,838,0,1.709518,1.227082,0.7445839999999999,2.232170997057349,[-0.007  0.149  0.03 ],[ 0.01065294  0.00422776 -0.99993432],[ 0.05431846 -0.99851702 -0.00364308],[0.99846683 0.05427608 0.01086679],[1 1 1]
Bed/D00552.obj,Bed,6349,12251,12251,0,1.546605,1.435555,0.697371,2.2224156892199534,[ 0.204  0.127 -0.019],[-0.09820466 -0.16595739  0.98123085],[-0.9852973  -0.12230099 -0.11929664],[ 0.13980367 -0.9785196  -0.15150684],[ 1  1 -1]
Bed/D00565.obj,Bed,826,1628,1628,0,1.6888619999999999,1.324207,0.55545,2.2168228924280347,[ 0.145  0.101 -0.026],[ 0.0074984 -0.0637442  0.9979381],[ 0.15548405 -0.98575429 -0.06413423],[0.98780994 0.15564436 0.00251962],[-1  1 -1]
Bed/D00650.obj,Bed,3752,7443,7443,0,1.6968869999999998,0.928137,0.703578,2.0581267656832996,[-0.015 -0.082 -0.078],[-0.02542425 -0.02922961 -0.99924934],[-0.0451304  -0.99851977  0.03035653],[ 0.99865753 -0.04586831 -0.02406747],[-1 -1 -1]
Bed/D00735.obj,Bed,453,684,684,0,1.7583630000000001,1.4221949999999999,0.78874,2.39511791889126,[-0.132  0.124  0.047],[0.04735643 0.0846446  0.99528522],[-0.21428134 -0.97234514  0.09288932],[ 0.97562333 -0.21766996 -0.02790903],[-1  1  1]
Bed/D00836.obj,Bed,1563,3154,3154,0,1.7149610000000002,0.877766,0.902455,2.127437286808239,[-0.073  0.092  0.007],[-0.03226091  0.28735294 -0.95728132],[-0.15787125 -0.94722146 -0.27901287],[ 0.98693257 -0.14212599 -0.075923  ],[-1  1  1]
Bed/D00839.obj,Bed,16364,32648,32648,0,1.665043,1.4470589999999999,0.6426879999999999,2.2976935841565123,[ 0.039 -0.179  0.074],[ 0.0239254  -0.07737155  0.99671521],[-0.21012691 -0.97511799 -0.0706511 ],[ 0.97738133 -0.20774634 -0.03958793],[ 1 -1  1]
Bed/D00969.obj,Bed,13151,23918,23918,0,1.705187,1.497695,0.846262,2.4221710077197276,[-0.21  -0.112  0.011],[-0.03059484  0.00622028  0.99951251],[-0.23511742 -0.9719663  -0.00114804],[ 0.97148533 -0.23503793  0.03119965],[-1 -1  1]
Bed/D00988.obj,Bed,768,624,624,0,1.683397,1.152733,0.726602,2.165772216855226,[-0.027 -0.151 -0.076],[0.03859186 0.08758766 0.995409  ],[-0.05974809  0.99457104 -0.0851975 ],[ 0.99746721  0.05618586 -0.04361554],[-1 -1 -1]
Bed/m945.obj,Bed,8116,15659,15659,0,0.715004,0.788378,0.95,1.4266291006775378,[0.396 0.382 0.264],[-0.97370658  0.05360255  0.22140971],[ 0.22035183 -0.02497517  0.97510067],[0.05779763 0.99824997 0.01250707],[1 1 1]
Bed/m946.obj,Bed,449,644,644,0,0.469149,0.469147,0.95,1.158749192797993,[0.26 0.31 0.5 ],[ 1.13877498e-05 -1.00000000e+00  1.05386575e-05],[ 9.99999998e-01  1.13870566e-05 -6.57790271e-05],[-6.57789071e-05 -1.05394065e-05 -9.99999998e-01],[1 1 1]
Bed/m947.obj,Bed,441,584,584,0,0.696994,0.420454,0.95,1.251032454475902,[0.374 0.251 0.5  ],[ 1.90438909e-06 -9.97732796e-01 -6.72998318e-02],[ 1.00000000e+00  1.99064993e-06 -1.21467802e-06],[-1.34589451e-06  6.72998318e-02 -9.97732796e-01],[1 1 1]
Bed/m948.obj,Bed,4597,9038,9038,0,0.95,0.868382,0.936408,1.5916806339174954,[0.513 0.447 0.423],[-0.14074129 -0.9832638  -0.11569003],[-0.98940613  0.14388857 -0.01927678],[-0.03560064 -0.11175138  0.99309829],[1 1 1]
Bed/m949.obj,Bed,706,1388,1388,0,0.931207,0.95,0.464954,1.4091943439302472,[0.406 0.424 0.253],[ 0.0109408  -0.9999395   0.00113974],[0.00915563 0.00123994 0.99995732],[ 0.99989823  0.0109299  -0.00916864],[1 1 1]
Bed/m950.obj,Bed,437,724,724,0,0.7443839999999999,0.864227,0.95,1.4844176794234833,[0.397 0.445 0.5  ],[9.99999994e-01 1.05313186e-04 3.95088175e-05],[ 1.07614253e-04 -9.97972517e-01 -6.36462419e-02],[-3.27259255e-05 -6.36462457e-02  9.97972522e-01],[1 1 1]
Bed/m951.obj,Bed,363,572,572,0,0.7729469999999999,0.511752,0.95,1.3273421466649056,[0.411 0.317 0.298],[-0.00235773  0.99624699  0.08652388],[9.99997218e-01 2.35553009e-03 1.27578737e-04],[ 7.67096794e-05 -8.65239437e-02  9.96249769e-01],[1 1 1]
Bicycle/D00016.obj,Bicycle,2769,5049,5049,0,1.874254,1.258803,0.387782,2.2908050831201243,[ 0.044  0.058 -0.007],[-0.00691812 -0.00475342  0.99996477],[-0.02064141 -0.99977496 -0.00489533],[ 0.99976301 -0.02067455  0.00681844],[ 1  1 -1]
Bicycle/D00033.obj,Bicycle,2192,4448,4448,0,1.943924,1.093925,0.591641,2.307715644589255,[-0.078  0.069  0.003],[ 0.0058312  -0.0157484   0.99985898],[ 0.06242685 -0.99791997 -0.01608194],[ 0.99803251  0.06251182 -0.00483595],[-1  1  1]
Bicycle/D00040.obj,Bicycle,25426,50650,50650,0,1.9047939999999999,1.20297,0.6332409999999999,2.3401647735612547,[ 0.243  0.025 -0.024],[0.00554123 0.07744678 0.99698109],[-0.03915678 -0.99621495  0.0776049 ],[ 0.99921771 -0.0394686  -0.00248769],[ 1  1 -1]
Bicycle/D00077.obj,Bicycle,16416,32265,32265,0,1.891602,1.144849,0.6527350000000001,2.3054067622504277,[-0.06  -0.197 -0.008],[-8.37740802e-04  6.05586590e-02  9.98164289e-01],[ 0.20667477 -0.97660346  0.05942402],[ 0.97840934  0.20634516 -0.01169781],[-1 -1 -1]
Bicycle/D00078.obj,Bicycle,22674,44740,44740,0,1.88681,1.354488,0.7235400000000001,2.4327350554147897,[-0.01  -0.02  -0.016],[ 0.00273943 -0.05157209  0.99866552],[-0.1794874  -0.98247638 -0.05024371],[ 0.98375646 -0.17911023 -0.01194797],[ 1 -1 -1]
Bicycle/D00462.obj,Bicycle,56754,111471,111471,0,1.914858,1.20516,0.514608,2.3203260933386063,[-0.061  0.021 -0.004],[-0.02024782 -0.03165671  0.99929369],[ 0.03482564 -0.99891439 -0.03093906],[0.99918827 0.03417459 0.0213283 ],[-1  1 -1]
Bicycle/D00514.obj,Bicycle,6951,12939,12939,0,1.8681109999999999,1.2518820000000002,0.396718,2.283513175300068,[-0.091  0.063 -0.013],[0.00642718 0.01265968 0.99989921],[ 0.03615118 -0.99926916  0.01241932],[ 0.99932566  0.03606772 -0.00688015],[-1  1 -1]
Bicycle/D00536.obj,Bicycle,30832,60488,60488,0,1.9083160000000001,1.231255,0.897011,2.441779589766857,[-0.006  0.035 -0.001],[ 0.0161332  -0.00742291  0.9998423 ],[ 0.15874145 -0.98727064 -0.00989099],[ 0.98718837  0.15887599 -0.01474951],[ 1 -1 -1]
Bicycle/D00555.obj,Bicycle,34364,64544,64544,0,1.926602,1.2526549999999999,0.687827,2.398759220379986,[0.021 0.104 0.027],[-0.00507928  0.00419819  0.99997829],[-0.02502097 -0.99967864  0.00406984],[ 0.99967402 -0.02499975  0.00518269],[1 1 1]
Bicycle/D00558.obj,Bicycle,19417,37661,37661,0,1.953064,1.1239979999999998,0.520458,2.312727182757188,[-0.005 -0.021 -0.014],[-0.00760406 -0.00622171  0.99995173],[-0.06446607 -0.99789741 -0.00669916],[ 0.99789093 -0.0645139   0.00718698],[-1 -1 -1]
Bicycle/D00567.obj,Bicycle,436,916,916,0,1.914898,1.193422,0.555594,2.3237416193122673,[-0.018  0.045  0.007],[0.00221937 0.03280832 0.9994592 ],[-0.03209827 -0.99894431  0.0328627 ],[ 0.99948225 -0.03215385 -0.00116393],[-1  1  1]
Bicycle/D00621.obj,Bicycle,2769,5049,5049,0,1.871673,1.2704339999999998,0.387544,2.2950713974125074,[ 0.04   0.044 -0.009],[0.00801372 0.00409822 0.99995949],[-0.00649336  0.99997073 -0.00404623],[ 0.99994681  0.00646067 -0.00804009],[ 1  1 -1]
Bicycle/D00708.obj,Bicycle,22495,44110,44110,0,1.93589,1.211861,0.5886530000000001,2.358556662416657,[-0.002  0.005 -0.006],[0.00173454 0.0045781  0.99998802],[-0.21076879 -0.97752396  0.00484085],[ 9.77534403e-01 -2.10774658e-01 -7.30636001e-04],[-1  1 -1]
Bicycle/D00750.obj,Bicycle,3053,5484,5484,0,1.914939,1.55521,0.606948,2.540483299005329,[ 0.109 -0.062  0.077],[ 0.05078154 -0.08109072  0.99541224],[-0.06101372  0.99458457  0.08413595],[ 0.9968443   0.06500636 -0.04555889],[ 1 -1  1]
Bicycle/D00838.obj,Bicycle,23397,45925,45925,0,1.9149180000000001,1.198292,0.58231,2.3327879458039047,[ 0.013  0.008 -0.005],[-0.0029957   0.0018813   0.99999374],[ 0.16721687 -0.98591732  0.00235575],[0.98591559 0.16722289 0.00263893],[ 1 -1 -1]
Bicycle/D00847.obj,Bicycle,22672,44707,44707,0,1.9063219999999998,1.321302,0.723223,2.4295995658990805,[-0.033 -0.02   0.003],[-0.00633903  0.06458944  0.99789179],[ 0.2273665  -0.97168163  0.06433729],[ 0.97378863  0.22729499 -0.00852596],[-1 -1  1]
Bicycle/D00904.obj,Bicycle,5354,10548,10548,0,1.912909,1.2367219999999999,0.387386,2.310577862908108,[0.084 0.127 0.002],[-0.00364604  0.00432208  0.99998401],[ 0.12632712 -0.99197728  0.00474807],[0.99198194 0.12634241 0.00307079],[ 1  1 -1]
Bicycle/D00930.obj,Bicycle,29173,57224,57224,0,1.732735,1.3727010000000002,0.6797580000000001,2.312736378014148,[ 0.034 -0.089  0.002],[-0.01221299 -0.00405228 -0.99991721],[-0.01467259 -0.9998834   0.00423135],[ 0.99981776 -0.01472305 -0.01215211],[ 1 -1  1]
Bicycle/D00931.obj,Bicycle,32603,64230,64230,0,1.7704019999999998,1.084968,0.568906,2.152935865153442,[-0.044  0.103 -0.063],[-0.08568983 -0.19098641  0.97784531],[-0.16051367 -0.96598822 -0.20273658],[ 0.98330698 -0.17433     0.05211944],[-1  1 -1]
Bicycle/D00974.obj,Bicycle,6045,12065,12065,0,1.893956,1.134776,0.41957,2.2474040324365356,[ 0.119  0.062 -0.007],[-0.00524649  0.01828171  0.99981911],[ 0.23191496 -0.97255049  0.01900007],[9.72721916e-01 2.31972692e-01 8.62678028e-04],[1 1 1]
Bicycle/m1472.obj,Bicycle,524,846,846,0,0.38145799999999996,0.541816,0.95,1.158263693473986,[0.213 0.302 0.492],[-0.99981043 -0.01849254 -0.00609273],[-0.01943642  0.96641525  0.25624948],[-0.0011494  -0.25631932  0.96659148],[1 1 1]
Bicycle/m1473.obj,Bicycle,2192,4448,4448,0,0.95,0.532643,0.28907099999999997,1.126840986337469,[0.508 0.245 0.17 ],[-4.42927493e-04  3.86723018e-03  9.99992424e-01],[ 0.0487722  -0.99880238  0.00388423],[9.98809830e-01 4.87735546e-02 2.53783695e-04],[1 1 1]
Bicycle/m1475.obj,Bicycle,6049,12065,12065,0,0.95,0.488449,0.20733300000000002,1.0881495294719379,[0.486 0.217 0.137],[-0.01267323  0.0355779   0.99928655],[ 0.38161575 -0.92355104  0.03772122],[ 0.92423417  0.38182153 -0.00187272],[1 1 1]
Bicycle/m1476.obj,Bicycle,436,916,916,0,0.274675,0.549723,0.95,1.1314334856075279,[0.159 0.275 0.52 ],[-0.99989768  0.01420754 -0.00166557],[0.01393672 0.99378499 0.1104408 ],[-0.00322431 -0.11040628  0.99388131],[1 1 1]
Bicycle/m1477.obj,Bicycle,22682,44727,44727,0,0.95,0.591046,0.351031,1.1726287294267526,[0.497 0.313 0.208],[-0.03114308  0.06758109  0.99722761],[ 0.4896817  -0.86874115  0.07416629],[ 0.8713449   0.49063388 -0.00603795],[1 1 1]
Bicycle/m1478.obj,Bicycle,2769,5049,5049,0,0.95,0.586666,0.198576,1.1340676449542153,[0.484 0.25  0.12 ],[-0.00942812  0.01417855  0.99985503],[ 0.13060556 -0.99131652  0.01528901],[0.99138958 0.13073077 0.00749445],[1 1 1]
Biplane/D00069.obj,Biplane,3242,6326,6326,0,1.9685570000000001,1.000288,0.39858499999999997,2.2438054165675774,[-0.08  -0.097  0.019],[-0.00101789  0.0243319   0.99970342],[ 0.01012639  0.99965293 -0.02432036],[ 0.99994821 -0.01009863  0.00126393],[-1 -1  1]
Biplane/D00132.obj,Biplane,287,348,348,0,1.896194,1.2693919999999999,0.38481,2.3140843699830826,[-0.005 -0.003  0.003],[0.00351309 0.005883   0.99997652],[ 0.02113688 -0.99975972  0.00580747],[ 0.99977042  0.02111599 -0.00363659],[-1  1  1]
Biplane/D00178.obj,Biplane,10942,8057,8057,0,1.35761,1.061647,0.302748,1.7498158806608768,[-0.051  0.068 -0.007],[-0.03354029 -0.00846529  0.99940151],[-0.69239366 -0.72092301 -0.02934347],[ 0.72073995 -0.69296346  0.01831866],[-1  1 -1]
Biplane/D00199.obj,Biplane,2584,3764,3764,0,1.9321359999999999,1.46482,0.573418,2.49151667817416,[-0.055  0.099  0.023],[-0.03709806  0.9959745   0.08159983],[0.9987731  0.03427386 0.03574342],[ 0.03280279  0.08282572 -0.99602403],[-1  1  1]
Biplane/D00246.obj,Biplane,14082,9353,9353,0,1.983473,1.028037,0.332352,2.2586462908127074,[ 0.009 -0.038  0.017],[8.78416437e-04 1.06379151e-02 9.99943030e-01],[ 0.04043021 -0.9991262   0.01059371],[ 0.99918198  0.0404186  -0.00130774],[ 1  1 -1]
Biplane/D00276.obj,Biplane,567,916,916,0,1.779216,1.631255,0.946421,2.592742786880719,[-0.328  0.076  0.131],[ 0.17881603 -0.90872658 -0.3771483 ],[ 7.49182741e-04  3.83452201e-01 -9.23560419e-01],[-0.98388224 -0.16486486 -0.0692482 ],[-1 -1  1]
Biplane/D00277.obj,Biplane,22427,41567,41567,0,1.362668,1.8685610000000001,0.547377,2.3765533591893115,[-0.098 -0.043  0.009],[-0.01519528  0.06706694  0.99763276],[ 0.01720904  0.99761771 -0.06680381],[ 0.99973644 -0.0161532   0.01631323],[ 1 -1  1]
Biplane/D00320.obj,Biplane,9723,17476,17476,0,1.974712,1.179359,0.455504,2.3447513786841028,[-0.001  0.045  0.018],[-0.01151524  0.99987445 -0.0108849 ],[-0.99992689 -0.01155463 -0.00356315],[-0.00368847  0.01084307  0.99993441],[-1 -1  1]
Biplane/D00373.obj,Biplane,5941,12536,12536,0,1.530488,1.898203,0.622796,2.5166332678737677,[ 0.071  0.004 -0.019],[0.01561137 0.00572979 0.99986172],[ 0.09771984 -0.9952052   0.00417735],[ 0.99509151  0.09764112 -0.01609643],[ 1  1 -1]
Biplane/D00410.obj,Biplane,2167,4254,4254,0,1.922227,1.17958,0.404957,2.2913654854208656,[-0.151 -0.039 -0.061],[0.00192071 0.01015869 0.99994655],[-0.25380993 -0.96719913  0.01031353],[ 9.67252206e-01 -2.53816175e-01  7.20668360e-04],[-1 -1 -1]
Biplane/D00490.obj,Biplane,24998,46318,46318,0,1.8292190000000002,1.265565,0.481819,2.275927606042644,[ 0.079 -0.069  0.006],[-0.02596607  0.02168967  0.9994275 ],[ 0.92280847 -0.38390205  0.03230692],[ 0.38438299  0.92311905 -0.01004698],[ 1 -1  1]
Biplane/D00515.obj,Biplane,5381,10522,10522,0,1.5780120000000002,1.753328,0.569593,2.4266679075178375,[-0.209  0.047 -0.011],[-0.02186849 -0.0054879   0.99974579],[ 0.46918969 -0.8830808   0.00541559],[0.8828266  0.46918885 0.02188652],[-1  1 -1]
Biplane/D00601.obj,Biplane,18086,36024,36024,0,1.628342,1.278658,0.797858,2.2187927659184394,[-0.02  -0.034  0.065],[-0.04223156  0.03891232  0.9983498 ],[-0.19603133 -0.98014137  0.02991023],[ 0.97968781 -0.19444468  0.04902093],[-1  1  1]
Biplane/D00616.obj,Biplane,20306,37102,37102,0,1.9829599999999998,0.935807,0.378657,2.225139597081046,[-0.047 -0.25  -0.002],[-0.01039622  0.14375138  0.98955922],[-0.03430745 -0.98908136  0.14332153],[ 0.99935725 -0.03245926  0.01521445],[-1 -1 -1]
Biplane/D00632.obj,Biplane,624,1024,1024,0,1.474065,1.8724509999999999,0.554244,2.446656245401466,[0.14  0.    0.003],[0.00611533 0.00608226 0.9999628 ],[-0.01353269  0.99989043 -0.00599906],[ 0.99988973  0.0134955  -0.00619697],[1 1 1]
Biplane/D00634.obj,Biplane,48973,77264,77264,0,1.934928,1.5348060000000001,0.5956079999999999,2.5405363041066744,[ 0.01  -0.204 -0.036],[-0.01948732 -0.99954579  0.02298805],[ 0.99670051 -0.01760959  0.07923386],[-0.07879306  0.02445625  0.99659096],[ 1 -1 -1]
Biplane/D00666.obj,Biplane,469,794,794,0,1.917884,1.909071,0.445451,2.742491151106599,[-0.192  0.009  0.018],[ 0.01537075 -0.01881727 -0.99970478],[ 0.02368536 -0.99953549  0.01917825],[0.99960129 0.02397315 0.01491791],[-1  1  1]
Biplane/D00854.obj,Biplane,18966,37292,37292,0,1.421385,1.933307,0.545859,2.46088872612213,[0.086 0.005 0.048],[-0.07371994  0.04107562  0.99643272],[ 0.0657022   0.99718077 -0.03624556],[ 0.99511235 -0.06279581  0.07621086],[-1  1  1]
Biplane/D00890.obj,Biplane,45079,47490,47490,0,1.771344,1.603146,0.5804480000000001,2.4585883234807735,[-0.006  0.166 -0.009],[-0.01355952  0.99903975 -0.04166206],[ 0.00672966 -0.04157376 -0.99911277],[0.99988542 0.01382786 0.00615948],[-1  1  1]
Biplane/D00900.obj,Biplane,27750,49863,49863,0,1.9844650000000001,1.38,0.45525099999999996,2.4596249326322095,[-0.192  0.024  0.046],[-0.05818187 -0.99779888 -0.03181599],[ 0.03197603 -0.03371626  0.99891979],[ 0.99779377 -0.05710167 -0.03386732],[-1 -1  1]
Biplane/m1118.obj,Biplane,10676,20408,20408,0,0.95,0.206623,0.501884,1.094111792087536,[0.497 0.137 0.296],[-0.00178837  0.98726757 -0.15905832],[-3.22324348e-04  1.59058002e-01  9.87269187e-01],[-9.99998349e-01 -1.81686724e-03 -3.37664164e-05],[1 1 1]
Biplane/m1119.obj,Biplane,863,1550,1550,0,0.95,0.354325,0.790271,1.2855249741121328,[0.5   0.203 0.195],[-0.00376899  0.9999495  -0.00931656],[-0.10579051  0.00886563  0.99434892],[0.9943813  0.0047333  0.10575175],[1 1 1]
Biplane/m1120.obj,Biplane,65722,129881,129881,0,0.95,0.345037,0.864139,1.3297694321535594,[0.5   0.191 0.547],[0.11446058 0.98287814 0.14439299],[ 9.93285576e-01 -1.15688176e-01  1.06247651e-04],[-0.01680899 -0.14341132  0.98952042],[1 1 1]
Biplane/m1121.obj,Biplane,1062,1913,1913,0,0.7672479999999999,0.95,0.303749,1.2583453216446587,[0.254 0.499 0.181],[-0.09038955  0.99590204  0.00297703],[-0.99579944 -0.09042326  0.01439162],[ 0.01460183 -0.00166368  0.999892  ],[1 1 1]
Biplane/m1122.obj,Biplane,6704,11577,11577,0,0.91072,0.95,0.27951899999999996,1.3453779356600881,[0.229 0.497 0.182],[-0.00160514 -0.05795154  0.99831811],[-0.05678549  0.99671379  0.05776711],[0.99838511 0.05659726 0.00489067],[1 1 1]
Biplane/m1123.obj,Biplane,1015,1756,1756,0,0.672675,0.95,0.293427,1.2004545222348075,[0.225 0.5   0.138],[7.79117174e-04 2.54479688e-04 9.99999664e-01],[-1.29797591e-01 -9.91540448e-01  3.53454555e-04],[-9.91540205e-01  1.29797823e-01  7.39495341e-04],[1 1 1]
Biplane/m1124.obj,Biplane,390,572,572,0,0.608082,0.95,0.215746,1.1483945555600654,[0.276 0.5   0.147],[-0.01361538  0.99985756 -0.00997447],[-9.99907211e-01 -1.36190622e-02 -3.01356632e-04],[-4.37156690e-04  9.96944563e-03  9.99950208e-01],[1 1 1]
Biplane/m1125.obj,Biplane,434,656,656,0,0.7740819999999999,0.95,0.24937499999999999,1.2505562095919558,[0.316 0.5   0.132],[-0.02623523  0.9996552   0.0010922 ],[ 3.58190635e-04 -1.08317243e-03  9.99999349e-01],[-9.99655733e-01 -2.62356056e-02  3.29649852e-04],[1 1 1]
Biplane/m1126.obj,Biplane,770,1316,1316,0,0.763134,0.95,0.21110600000000002,1.2367049952159166,[0.376 0.5   0.103],[ 2.04644385e-04  1.08807636e-04 -9.99999973e-01],[1.92035113e-02 9.99815589e-01 1.12717464e-04],[-9.99815575e-01  1.92035339e-02 -2.02517158e-04],[1 1 1]
Biplane/m1127.obj,Biplane,354,520,520,0,0.786053,0.95,0.19470400000000002,1.248314450138666,[0.314 0.5   0.113],[-3.20655687e-05  4.48306847e-06  9.99999999e-01],[ 2.20281360e-02 -9.99757351e-01  5.18832537e-06],[-9.99757351e-01 -2.20281362e-02 -3.19590343e-05],[1 1 1]
Biplane/m1128.obj,Biplane,718,1232,1232,0,0.95,0.942087,0.216951,1.3553950169489335,[0.443 0.496 0.103],[2.60596412e-04 6.24050488e-05 9.99999964e-01],[-1.25549692e-02 -9.99921181e-01  6.56719124e-05],[-9.99921149e-01  1.25549858e-02  2.59792379e-04],[1 1 1]
Biplane/m1129.obj,Biplane,3351,6272,6272,0,0.95,0.321551,0.674508,1.2086587970411666,[0.5   0.18  0.499],[-0.00617488  0.9999211  -0.01093921],[ 0.99567772  0.00513417 -0.09273362],[0.09267014 0.01146455 0.99563086],[1 1 1]
Biplane/m1131.obj,Biplane,482,768,768,0,0.680618,0.95,0.171732,1.18119970443105,[0.349 0.5   0.106],[-0.06074416 -0.99815184 -0.0017491 ],[-9.98153360e-01  6.07438473e-02  2.33687495e-04],[-1.27008344e-04  1.76006840e-03 -9.99998443e-01],[1 1 1]
Biplane/m1132.obj,Biplane,882,1428,1428,0,0.6977,0.95,0.184765,1.1930730888026098,[0.36  0.5   0.114],[ 8.05164304e-05  3.00712755e-06 -9.99999997e-01],[1.81808110e-02 9.99834715e-01 4.47048454e-06],[-9.99834712e-01  1.81808113e-02 -8.04484502e-05],[1 1 1]
Biplane/m1133.obj,Biplane,624,1024,1024,0,0.7447469999999999,0.95,0.286217,1.2405919011093052,[0.272 0.5   0.191],[1.24719348e-04 7.33314546e-05 9.99999990e-01],[-5.00689238e-02 -9.98745762e-01  7.94840438e-05],[-9.98745757e-01  5.00689332e-02  1.20891293e-04],[1 1 1]
Biplane/m1134.obj,Biplane,338,512,512,0,0.517388,0.95,0.1482,1.091857858214154,[0.223 0.5   0.076],[-1.86380508e-04 -5.73407892e-06  9.99999983e-01],[-9.99127983e-01  4.17521112e-02 -1.85978574e-04],[-4.17521094e-02 -9.99128000e-01 -1.35108584e-05],[1 1 1]
Biplane/m1135.obj,Biplane,264,360,360,0,0.520907,0.95,0.15604700000000002,1.0946208333747351,[0.3   0.5   0.094],[ 2.91924168e-04 -6.10131724e-05 -9.99999956e-01],[ 9.99979797e-01 -6.34976274e-03  2.92305703e-04],[-6.34978030e-03 -9.99979838e-01  5.91582906e-05],[1 1 1]
Biplane/m1136.obj,Biplane,904,1628,1628,0,0.534108,0.95,0.20833300000000002,1.1095828020265095,[0.198 0.5   0.114],[7.43623399e-05 7.65775774e-07 9.99999997e-01],[-5.80608509e-03 -9.99983145e-01  1.19751694e-06],[-9.99983142e-01  5.80608517e-03  7.43566404e-05],[1 1 1]
Biplane/m1137.obj,Biplane,408,524,524,0,0.43698299999999995,0.95,0.174618,1.0601630007753524,[0.173 0.499 0.109],[-3.82420265e-03 -6.65981746e-05 -9.99992685e-01],[ 0.99958357  0.02860185 -0.00382454],[ 2.86018942e-02 -9.99590881e-01 -4.28088246e-05],[1 1 1]
Biplane/m1138.obj,Biplane,2050,3586,3586,0,0.922505,0.882034,0.35288699999999995,1.3242087021878386,[0.385 0.465 0.175],[ 0.01241861 -0.00766544 -0.9998935 ],[ 0.16624358 -0.98603775  0.00962396],[0.98600652 0.16634539 0.01097088],[1 1 1]
Biplane/m1139.obj,Biplane,2920,4234,4234,0,0.6224339999999999,0.95,0.24938400000000002,1.1628054281830644,[0.311 0.5   0.145],[-8.37853562e-05  6.64652678e-04  9.99999776e-01],[-9.95211249e-01  9.77473726e-02 -1.48352215e-04],[-9.77474492e-02 -9.95211038e-01  6.53280023e-04],[1 1 1]
Biplane/m1141.obj,Biplane,11819,23138,23138,0,0.95,0.285844,0.59503,1.1568351192957447,[0.5   0.222 0.496],[ 2.89468770e-04  9.99958707e-01 -9.08293228e-03],[3.23151352e-05 9.08292331e-03 9.99958749e-01],[-9.99999958e-01  2.89750346e-04  2.96845782e-05],[1 1 1]
Biplane/m1143.obj,Biplane,3336,6570,6570,0,0.479495,0.95,0.18471300000000002,1.0800621960766887,[0.195 0.5   0.105],[ 7.61332709e-05 -9.04325220e-05 -9.99999993e-01],[-9.97539057e-01 -7.01129433e-02 -6.96054214e-05],[-7.01129365e-02  9.97539055e-01 -9.55479005e-05],[1 1 1]
Biplane/m1144.obj,Biplane,3627,6736,6736,0,0.95,0.691901,0.266304,1.2050497144172103,[0.498 0.19  0.183],[0.01631671 0.1134376  0.99341113],[-0.99870804  0.04966963  0.01073194],[ 0.04812495  0.9923028  -0.11410149],[1 1 1]
Biplane/m1146.obj,Biplane,1700,3016,3016,0,0.86336,0.29716,0.95,1.3176473561617312,[0.457 0.093 0.536],[-1.37916139e-04 -9.97141537e-01 -7.55561843e-02],[ 9.99999990e-01 -1.40601529e-04  3.02223653e-05],[ 4.07592908e-05  7.55561793e-02 -9.97141546e-01],[1 1 1]
Bird/D00089.obj,Bird,233,462,462,0,1.9491290000000001,1.070481,0.46958900000000003,2.272784032617926,[-0.19  -0.039 -0.069],[-0.00231354 -0.08863794  0.99606122],[-0.00353039 -0.99605696 -0.08864576],[ 0.99999109 -0.00372157  0.0019915 ],[-1 -1 -1]
Bird/D00113.obj,Bird,15871,31702,31702,0,1.719457,1.522959,1.160574,2.5734934427750153,[-0.224  0.122  0.107],[ 0.00887142 -0.0373939   0.99926122],[-0.98431392 -0.17641295  0.00213707],[ 0.17620271 -0.9836057  -0.03837237],[-1  1  1]
Bird/D00164.obj,Bird,8188,16135,16135,0,1.8819080000000001,1.0968749999999998,0.506604,2.236372084181208,[ 0.276 -0.07  -0.057],[0.02116743 0.02849554 0.99936977],[-0.15109994 -0.98802054  0.03137235],[ 0.98829183 -0.15166878 -0.01660818],[ 1 -1 -1]
Bird/D00234.obj,Bird,1247,2468,2468,0,1.87574,1.5925690000000001,0.443792,2.500325560127121,[-0.     0.002  0.123],[ 0.01704954 -0.25485095 -0.96683003],[ 0.01755448 -0.96674524  0.25513817],[0.99970053 0.02132219 0.01200878],[1 1 1]
Bird/D00271.obj,Bird,12813,24753,24753,0,1.909856,1.310257,0.401992,2.3507277415406915,[-0.25  -0.034 -0.045],[-0.03413358 -0.03786219  0.99869983],[-0.99795938  0.0552467  -0.03201379],[0.05396276 0.99775461 0.0396707 ],[-1 -1 -1]
Bird/D00284.obj,Bird,13253,26516,26516,0,1.899975,1.031472,0.469078,2.212210129597322,[-0.257  0.032 -0.093],[-0.02475345 -0.99364252 -0.1098263 ],[ 0.05486674 -0.11104471  0.99229971],[ 0.99818681 -0.01853703 -0.05726666],[-1  1 -1]
Bird/D00323.obj,Bird,260,364,364,0,1.976372,0.531651,0.09267500000000001,2.0487283186918663,[ 0.216  0.041 -0.003],[-0.01483336  0.01143058  0.99982464],[-0.03841311 -0.999203    0.01085358],[ 0.99915184 -0.03824538  0.01526062],[ 1  1 -1]
Bird/D00386.obj,Bird,1751,3498,3498,0,1.868513,0.640019,0.20663399999999998,1.9858657460880884,[-0.139  0.108 -0.019],[ 0.00567493 -0.02360311  0.9997053 ],[ 0.052911   -0.99831389 -0.02387061],[ 0.99858311  0.05303087 -0.00441649],[-1  1 -1]
Bird/D00438.obj,Bird,1824,3709,3709,0,1.9732150000000002,0.916981,0.259859,2.1913371010565674,[-0.203  0.006 -0.025],[0.00392468 0.09595922 0.99537753],[-0.0136196  -0.99528774  0.09600426],[ 0.99989955 -0.01393343 -0.00259926],[-1  1 -1]
Bird/D00442.obj,Bird,9745,17119,17119,0,1.785707,1.1218780000000002,0.900477,2.2930805839006183,[-0.017  0.099  0.004],[-0.00882157 -0.00883487  0.99992206],[0.01551979 0.99983932 0.00897105],[ 0.99984065 -0.01559772  0.00868304],[-1  1  1]
Bird/D00546.obj,Bird,1162,2012,2012,0,1.951502,0.6965589999999999,0.39949199999999996,2.1102484106258674,[-0.234  0.041  0.036],[ 0.03938237 -0.16997562  0.98466102],[-0.0536488   0.98364446  0.17194587],[ 0.99778296  0.05959752 -0.02961926],[-1  1  1]
Bird/D00599.obj,Bird,1792,3626,3626,0,1.9572509999999999,0.742248,0.210604,2.1038340275128644,[-0.235 -0.026  0.018],[ 0.00749417 -0.03091936  0.99949379],[-0.03070697 -0.9990576  -0.03067562],[ 0.99950033 -0.03046154 -0.00843655],[-1 -1  1]
Bird/D00625.obj,Bird,1091,1398,1398,0,1.907742,1.440811,0.991973,2.5883250006546703,[ 0.22   0.02  -0.091],[-0.05100122 -0.36335314  0.93025447],[0.06220595 0.92850226 0.36607918],[ 0.9967594  -0.07653784  0.02475202],[ 1 -1 -1]
Bird/D00689.obj,Bird,2683,5388,5388,0,1.946081,0.6215759999999999,0.539818,2.1130526390653404,[-0.222 -0.107  0.046],[-0.02305526 -0.08030247  0.99650387],[-0.05642501 -0.99507544 -0.08149282],[ 0.99814061 -0.05810658  0.01841065],[-1 -1  1]
Bird/D00736.obj,Bird,3947,7898,7898,0,1.977909,0.953164,0.28282,2.213737286937409,[-0.2   -0.042 -0.034],[ 0.00900112 -0.01107961  0.99989811],[-0.06392592 -0.9978996  -0.010482  ],[ 0.99791405 -0.06382506 -0.00969049],[-1 -1 -1]
Bird/D00762.obj,Bird,950,1896,1896,0,1.7948939999999998,1.582545,0.6518619999999999,2.4801244354477454,[-0.221  0.133 -0.109],[-0.07431567  0.99041142 -0.11645774],[0.22764026 0.13054544 0.96495482],[-0.9709053  -0.04520079  0.23515908],[-1  1 -1]
Bird/D00862.obj,Bird,757,1507,1507,0,1.971732,0.945566,0.505852,2.2444839910509495,[ 0.237  0.032 -0.05 ],[0.009392   0.04795765 0.99880521],[ 0.01422188 -0.99875465  0.04782149],[ 0.99985475  0.01375575 -0.01006235],[ 1  1 -1]
Bird/D00922.obj,Bird,903,1794,1794,0,1.7559170000000002,1.3166609999999999,0.895231,2.370290961711452,[ 0.26  -0.038  0.222],[-0.16586999 -0.9749987  -0.14786708],[-0.96352616  0.12830062  0.23485376],[-0.21001067  0.18142899 -0.96071798],[ 1 -1  1]
Bird/D00961.obj,Bird,1344,2734,2734,0,1.9831310000000002,1.128959,0.25335799999999997,2.2959850310936263,[-0.199  0.008  0.027],[ 0.00231424 -0.0440211   0.99902792],[ 0.01287712 -0.99894645 -0.04404734],[ 0.99991441  0.01296654 -0.00174493],[-1 -1  1]
Bird/D00999.obj,Bird,373,744,744,0,1.996127,0.696829,0.271355,2.1316020246272522,[-0.231 -0.024  0.025],[-0.01062864 -0.11073597  0.99379303],[ 0.04095024 -0.99306362 -0.11021673],[0.99910465 0.03952461 0.01508958],[-1 -1  1]
Bird/m28.obj,Bird,6076,11660,11660,0,0.443681,0.5532239999999999,0.95,1.1854997359497808,[0.245 0.232 0.54 ],[-0.99869108 -0.02716716 -0.04333684],[-0.04638361  0.83813165  0.54349232],[ 0.02155683  0.54479104 -0.83829471],[1 1 1]
Bird/m29.obj,Bird,2972,5878,5878,0,0.32173799999999997,0.889682,0.95,1.3407271914032324,[0.186 0.491 0.763],[-9.99999955e-01  7.04134842e-05 -2.91391882e-04],[-2.27989588e-04  4.52505588e-01  8.91761538e-01],[ 1.94648492e-04  8.91761565e-01 -4.52505551e-01],[1 1 1]
Bird/m30.obj,Bird,390,800,800,0,0.33444999999999997,0.499749,0.95,1.1243246263873259,[0.192 0.228 0.663],[-9.99994445e-01  8.17470925e-04 -3.23124476e-03],[-0.00169189  0.71077419  0.70341821],[ 0.00287171  0.70341977 -0.71076886],[1 1 1]
Bird/m31.obj,Bird,1802,3548,3548,0,0.475847,0.95,0.489588,1.1698832322727768,[0.263 0.444 0.34 ],[-0.11641466  0.00160926  0.99319939],[-9.93200641e-01 -5.27268579e-04 -1.16413950e-01],[ 3.36342635e-04 -9.99998566e-01  1.65969887e-03],[1 1 1]
Bird/m32.obj,Bird,1129,2246,2246,0,0.357772,0.6333329999999999,0.95,1.1964996836075636,[0.204 0.324 0.666],[-9.99998984e-01 -1.20295685e-03  7.65404783e-04],[-3.47420891e-04  7.26218077e-01  6.87464315e-01],[-0.00138284  0.68746335 -0.72621776],[1 1 1]
Bird/m33.obj,Bird,3144,6164,6164,0,0.516498,0.6674559999999999,0.95,1.2707351006169618,[0.283 0.277 0.643],[9.99991018e-01 4.23819997e-03 4.08974208e-05],[ 0.00171254 -0.41285822  0.9107937 ],[-0.00387701  0.91078545  0.41286177],[1 1 1]
Bird/m34.obj,Bird,233,462,462,0,0.95,0.232154,0.519293,1.1072762525968847,[0.5   0.146 0.294],[-1.85949155e-04 -9.89301689e-01  1.45883974e-01],[2.19761820e-05 1.45883972e-01 9.89301706e-01],[-9.99999982e-01  1.87165790e-04 -5.38592743e-06],[1 1 1]
Bird/m35.obj,Bird,699,1394,1394,0,0.767373,0.61108,0.95,1.3655695103249046,[0.353 0.292 0.493],[ 0.11077342 -0.95326388  0.28110002],[0.31292201 0.30190884 0.900517  ],[-0.94329691 -0.01179096  0.33174072],[1 1 1]
Bird/m36.obj,Bird,1289,2503,2503,0,0.9195409999999999,0.783922,0.95,1.5370716810757394,[0.541 0.197 0.55 ],[-0.85787147 -0.08897915  0.50610202],[-0.51045659  0.03432327 -0.85921824],[ 0.05908144 -0.99544192 -0.07486495],[1 1 1]
Bird/m37.obj,Bird,567,1130,1130,0,0.95,0.41225799999999996,0.7212029999999999,1.2619787738995454,[0.5   0.207 0.449],[-0.01786085  0.97267549  0.23148085],[-0.00423063  0.23144219 -0.97283946],[-9.99831532e-01 -1.83550486e-02 -1.87266801e-05],[1 1 1]
Bird/m38.obj,Bird,464,928,928,0,0.95,0.235681,0.267609,1.0147216912247417,[0.5   0.161 0.118],[-3.56392802e-09  5.55990440e-01 -8.31188685e-01],[2.63927820e-08 8.31188685e-01 5.55990440e-01],[-1.00000000e+00  1.99558719e-08  1.76364311e-08],[1 1 1]
Bird/m39.obj,Bird,649,1156,1156,0,0.858574,0.95,0.234557,1.3017934935023296,[0.332 0.5   0.158],[-1.28562173e-08 -1.57744581e-08  1.00000000e+00],[ 1.06647945e-01 -9.94296845e-01 -1.43134050e-08],[-9.94296845e-01 -1.06647945e-01 -1.44652098e-08],[1 1 1]
Bird/m40.obj,Bird,2684,5390,5390,0,0.95,0.259845,0.32287899999999997,1.0364701021573173,[0.5   0.154 0.193],[-5.53494954e-04 -6.57534386e-01  7.53424333e-01],[2.22698280e-04 7.53424348e-01 6.57534563e-01],[ 9.99999822e-01 -5.31728366e-04  2.70584798e-04],[1 1 1]
Bird/m41.obj,Bird,1824,3709,3709,0,0.95,0.122249,0.442716,1.055197741969248,[0.5   0.106 0.291],[5.71336352e-04 9.97158624e-01 7.53282996e-02],[-2.83343254e-04 -7.53281475e-02  9.97158759e-01],[ 9.99999797e-01 -5.91056814e-04  2.39500460e-04],[1 1 1]
Bird/m42.obj,Bird,116,265,265,0,0.95,0.185109,0.472043,1.0768425770417884,[0.515 0.118 0.231],[-0.04247702  0.99895163 -0.01706865],[-0.51952384 -0.00749183  0.85442311],[0.85339948 0.04516092 0.51929742],[1 1 1]
